,culmen_length_mm_,culmen_depth_mm_,flipper_length_mm_,body_mass_g_
119,41.1,17.0,190.0,3800.0
94,36.2,17.3,187.0,3300.0
32,42.5,16.7,187.0,3350.0
104,47.3,13.8,216.0,4725.0
128,39.0,17.1,191.0,3050.0
146,39.2,18.6,190.0,4250.0
115,55.1,16.0,230.0,5850.0
96,38.1,18.6,190.0,3700.0
105,39.7,18.9,184.0,3550.0
124,35.2,15.9,186.0,3050.0
9,42.0,20.2,190.0,4250.0
110,50.5,15.2,216.0,5000.0
110,38.1,16.5,198.0,3825.0
18,46.2,14.5,209.0,4800.0
31,37.2,18.1,178.0,3900.0
4,36.7,19.3,193.0,3450.0
33,59.6,17.0,230.0,6050.0
85,50.8,17.3,228.0,5600.0
40,49.0,19.5,210.0,3950.0
112,43.5,15.2,213.0,4650.0
48,36.0,17.9,190.0,3450.0
17,49.2,15.2,221.0,6300.0
5,39.3,20.6,190.0,3650.0
134,38.1,17.6,187.0,3425.0
27,49.5,19.0,200.0,3800.0
51,48.5,14.1,220.0,5300.0
67,50.2,18.7,198.0,3775.0
122,45.2,14.8,212.0,5200.0
42,45.3,13.7,210.0,4300.0
57,45.5,15.0,220.0,5000.0
102,37.7,16.0,183.0,3075.0
21,48.5,17.5,191.0,3400.0
19,46.0,21.5,194.0,4200.0
50,39.6,17.7,186.0,3500.0
27,47.8,15.0,215.0,5650.0
27,40.5,17.9,187.0,3200.0
10,46.6,17.8,193.0,3800.0
39,48.7,15.7,208.0,5350.0
40,36.5,18.0,182.0,3150.0
84,37.3,17.8,191.0,3350.0
30,40.9,16.6,187.0,3200.0
58,36.5,16.6,181.0,2850.0
131,43.1,19.2,197.0,3500.0
54,46.5,14.4,217.0,4900.0
5,46.5,13.5,210.0,4550.0
48,51.5,18.7,187.0,3250.0
22,46.5,14.5,213.0,4400.0
11,51.7,20.3,194.0,3775.0
7,39.2,19.6,195.0,4675.0
140,40.2,17.1,193.0,3400.0
69,50.7,15.0,223.0,5550.0
121,50.4,15.7,222.0,5750.0
100,48.5,15.0,219.0,4850.0
86,36.3,19.5,190.0,3800.0
108,38.1,17.0,181.0,3175.0
125,40.6,19.0,199.0,4000.0
80,34.6,17.2,189.0,3200.0
138,37.0,16.5,185.0,3400.0
111,49.8,15.9,229.0,5950.0
59,37.6,19.1,194.0,3750.0
113,42.2,19.5,197.0,4275.0
63,41.1,18.2,192.0,4050.0
7,46.7,15.3,219.0,5200.0
63,55.8,19.8,207.0,4000.0
78,45.2,13.8,215.0,4750.0
9,51.3,19.9,198.0,3700.0
51,40.1,18.9,188.0,4300.0
76,40.9,16.8,191.0,3700.0
73,45.8,18.9,197.0,4150.0
8,43.3,13.4,209.0,4400.0
14,45.8,14.6,210.0,4200.0
14,45.9,17.1,190.0,3575.0
66,35.5,16.2,195.0,3350.0
11,37.8,17.3,180.0,3700.0
72,48.2,15.6,221.0,5100.0
113,51.5,16.3,230.0,5500.0
52,35.0,17.9,190.0,3450.0
89,38.9,18.8,190.0,3600.0
20,50.2,14.3,218.0,5700.0
68,43.5,14.2,220.0,4700.0
19,49.2,18.2,195.0,4400.0
103,37.8,20.0,190.0,4250.0
116,38.6,17.0,188.0,2900.0
133,37.5,18.5,199.0,4475.0
74,35.5,17.5,190.0,3700.0
12,45.5,13.7,214.0,4650.0
2,40.3,18.0,195.0,3250.0
68,35.9,16.6,190.0,3050.0
28,46.4,17.8,191.0,3700.0
43,49.6,15.0,216.0,4750.0
62,37.6,17.0,185.0,3600.0
59,45.6,19.4,194.0,3525.0
28,48.2,14.3,210.0,4600.0
50,46.6,14.2,210.0,4850.0
64,45.8,14.2,219.0,4700.0
55,52.2,18.8,197.0,3450.0
60,35.7,16.9,185.0,3150.0
2,51.3,19.2,193.0,3650.0
15,36.6,17.8,185.0,3700.0
17,42.5,20.7,197.0,4500.0
135,41.1,17.5,190.0,3900.0
56,43.8,13.9,208.0,4300.0
85,41.3,20.3,194.0,3550.0
137,40.2,20.1,200.0,3975.0
70,47.7,15.0,216.0,4750.0
41,46.2,17.5,187.0,3650.0
98,33.1,16.1,178.0,2900.0
31,42.8,14.2,209.0,4700.0
25,46.1,15.1,215.0,5100.0
112,39.7,17.7,193.0,3200.0
100,35.0,17.9,192.0,3725.0
104,37.9,18.6,193.0,2925.0
26,50.5,18.4,200.0,3400.0
61,46.2,14.9,221.0,5300.0
56,45.2,16.6,191.0,3250.0
13,38.6,21.2,191.0,3800.0
22,43.2,16.6,187.0,2900.0
151,41.5,18.5,201.0,4000.0
35,39.2,21.1,196.0,4150.0
39,53.5,19.9,205.0,4500.0
66,50.8,19.0,210.0,4100.0
99,51.1,16.5,225.0,5250.0
95,50.8,15.7,226.0,5200.0
118,35.7,17.0,189.0,3350.0
64,43.5,18.1,202.0,3400.0
49,42.3,21.2,191.0,4150.0
21,45.1,14.5,215.0,5000.0
61,46.8,16.5,189.0,3650.0
53,50.1,15.0,225.0,5000.0
58,50.2,18.8,202.0,3800.0
109,43.2,19.0,197.0,4775.0
33,40.9,18.9,184.0,3900.0
79,42.1,19.1,195.0,4000.0
36,42.6,13.7,213.0,4950.0
70,33.5,19.0,190.0,3600.0
53,42.0,19.5,200.0,4050.0
38,37.6,19.3,181.0,3300.0
65,49.8,16.8,230.0,5700.0
129,44.1,18.0,210.0,4000.0
34,49.7,18.6,195.0,3600.0
83,50.0,15.9,224.0,5350.0
8,34.1,18.1,193.0,3475.0
90,47.5,15.0,218.0,4950.0
10,37.8,17.1,186.0,3300.0
24,46.7,17.9,195.0,3300.0
114,39.6,20.7,191.0,3900.0
52,45.1,14.4,210.0,4400.0
0,46.1,13.2,211.0,4500.0
6,45.4,14.6,211.0,4800.0
120,36.2,17.2,187.0,3150.0
15,49.3,15.7,217.0,5850.0
18,46.4,18.6,190.0,3450.0
13,52.0,18.1,201.0,4050.0
77,51.1,16.3,220.0,6000.0
16,50.3,20.0,197.0,3300.0
29,52.8,20.0,205.0,4550.0
123,49.9,16.1,213.0,5400.0
59,50.4,15.3,224.0,5550.0
106,38.6,17.2,199.0,3750.0
16,42.0,13.5,210.0,4150.0
46,45.5,13.9,210.0,4200.0
139,39.7,17.9,193.0,4250.0
45,50.8,18.5,201.0,4450.0
76,47.5,14.2,209.0,4600.0
26,40.6,18.6,183.0,3550.0
75,48.6,16.0,230.0,5800.0
78,36.2,16.1,187.0,3550.0
71,46.4,15.6,221.0,5000.0
107,53.4,15.8,219.0,5500.0
44,37.0,16.9,185.0,3000.0
0,39.1,18.7,181.0,3750.0
9,46.8,15.4,215.0,5150.0
21,37.7,18.7,180.0,3600.0
52,45.7,17.3,193.0,3600.0
99,43.2,18.5,192.0,4100.0
115,42.7,18.3,196.0,4075.0
74,46.4,15.0,216.0,4700.0
6,46.1,18.2,178.0,3250.0
92,45.5,14.5,212.0,4750.0
62,45.7,13.9,214.0,4400.0
61,41.3,21.1,195.0,4400.0
114,46.2,14.1,217.0,4375.0
84,44.9,13.8,212.0,4750.0
82,47.4,14.6,212.0,4725.0
75,42.8,18.5,195.0,4250.0
36,38.8,20.0,190.0,3950.0
10,40.9,13.7,214.0,4650.0
44,50.9,17.9,196.0,3675.0
32,39.5,17.8,188.0,3300.0
122,40.2,17.0,176.0,3450.0
3,50.0,15.2,218.0,5700.0
42,36.0,18.5,186.0,3100.0
49,45.2,15.8,215.0,5300.0
88,47.5,14.0,212.0,4875.0
3,41.1,17.0,190.0,3800.0
44,50.5,15.9,222.0,5550.0
28,37.9,18.6,172.0,3150.0
87,36.9,18.6,189.0,3500.0
12,41.1,17.6,182.0,3200.0
97,40.3,18.5,196.0,4350.0
8,46.0,18.9,195.0,4150.0
29,50.0,15.3,220.0,5550.0
17,58.0,17.8,181.0,3700.0
37,44.4,17.3,219.0,5250.0
60,45.3,13.8,208.0,4200.0
136,35.6,17.5,191.0,3175.0
64,36.4,17.1,184.0,2850.0
119,41.1,18.6,189.0,3325.0
60,51.9,19.5,206.0,3950.0
103,49.1,15.0,228.0,5500.0
63,54.3,15.7,231.0,5650.0
31,54.2,20.8,201.0,4300.0
47,37.5,18.9,179.0,2975.0
0,46.5,17.9,192.0,3500.0
14,34.6,21.1,198.0,4400.0
26,44.5,14.3,216.0,4100.0
29,40.5,18.9,180.0,3950.0
4,47.6,14.5,215.0,5400.0
57,40.6,18.8,193.0,3800.0
89,52.1,17.0,230.0,5550.0
47,49.0,19.6,212.0,4300.0
149,37.8,18.1,193.0,3750.0
101,41.0,20.0,203.0,4725.0
3,45.4,18.7,188.0,3525.0
57,49.3,19.9,203.0,4050.0
51,51.4,19.0,201.0,3950.0
86,43.4,14.4,218.0,4600.0
7,51.3,18.2,197.0,3750.0
95,40.8,18.9,208.0,4300.0
147,36.6,18.4,184.0,3475.0
72,39.6,17.2,196.0,3550.0
81,42.9,17.6,196.0,4700.0
71,39.7,18.4,190.0,3900.0
116,44.5,15.7,217.0,4875.0
13,48.4,14.6,213.0,5850.0
126,38.8,17.6,191.0,3275.0
107,38.2,20.0,190.0,3900.0
23,38.2,18.1,185.0,3950.0
96,49.4,15.8,216.0,4925.0
1,50.0,16.3,230.0,5700.0
32,45.1,14.5,207.0,5050.0
117,48.8,16.2,222.0,6000.0
145,39.0,18.7,185.0,3650.0
132,36.8,18.5,193.0,3500.0
36,47.6,18.3,195.0,3850.0
42,50.9,19.1,196.0,3550.0
41,40.8,18.4,195.0,3900.0
62,45.7,17.0,195.0,3650.0
90,35.7,18.0,202.0,3550.0
46,50.1,17.9,190.0,3400.0
25,52.0,19.0,197.0,4150.0
4,52.7,19.8,197.0,3725.0
105,46.8,16.1,215.0,5500.0
45,39.6,18.8,190.0,4600.0
73,46.5,14.8,217.0,5200.0
58,43.2,14.5,208.0,4450.0
130,38.5,17.9,190.0,3325.0
56,39.0,17.5,186.0,3550.0
24,38.8,17.2,180.0,3800.0
20,37.8,18.3,174.0,3400.0
5,45.2,17.8,198.0,3950.0
16,38.7,19.0,195.0,3450.0
121,37.7,19.8,198.0,3500.0
30,39.5,16.7,178.0,3250.0
142,32.1,15.5,188.0,3050.0
80,49.1,14.5,212.0,4625.0
144,37.3,16.8,192.0,3000.0
120,46.8,14.3,215.0,4850.0
22,35.9,19.2,189.0,3800.0
108,43.3,14.0,208.0,4575.0
66,46.2,14.4,214.0,4650.0
20,42.4,17.3,181.0,3600.0
55,41.4,18.6,191.0,3700.0
93,49.5,16.1,224.0,5650.0
45,43.6,13.9,217.0,4900.0
